Judul,Harga,Lokasi,Link
Apartemen Dijual di Serpong,Rp 700Jt,"Cadasmampar, Serpong, Serpong, Tangerang Selatan, Banten",https://www.lamudi.co.id/jual/banten/tangerang-selatan/apartemen-luxury-vasaka-nines-bsd-city-tangerang-174877200078/
Apartemen Dijual di Jati Padang,Rp 525Jt,"RW 05, Jati Padang, Pasar Minggu, Jakarta Selatan, Daerah Khusus Ibukota Jakarta",https://www.lamudi.co.id/jual/jakarta/jakarta-selatan/apartemen-gardenia-boulevard-jakarta-selatan-173782558542/
Apartemen Dijual di Dukuh Pakis,Rp 425Jt,"Bukit Darmo, RW 01, Pradahkali Kendal, Dukuh Pakis, Surabaya, Jawa Timur",https://www.lamudi.co.id/properti/41032-73-3e6d5194e2de-88b1-19d8577-9658-77b4
Kondominium Dijual di Mlatibaru,"Rp 6,50M","RW 05, Mlatibaru, Semarang Timur, Kota Semarang, Jawa Tengah",https://www.lamudi.co.id/jual/jawa-tengah/semarang/dijual-ruang-usaha-strategis-widoharjo-semarang-173268008941/
Apartemen Dijual di Kelapa Gading,"Rp 1,62M","RW 21, Kelapa Gading Barat, Kelapa Gading, Jakarta Utara, Daerah Khusus Ibukota Jakarta",https://www.lamudi.co.id/properti/41032-73-441ea6ec2728-99c6-19f13a8-8258-71a2
Apartemen Dijual di Kesawan,"Rp 2,30M","Kesawan, Medan Barat, Kota Medan, Sumatera Utara",https://www.lamudi.co.id/properti/41032-73-6bcb96f171a1-dc95-19e1c35-ba28-787a
Apartemen Dijual di Kayu Putih,"Rp 4,50M","RW 02, Kayu Putih, Pulo Gadung, Jakarta Timur, Daerah Khusus Ibukota Jakarta",https://www.lamudi.co.id/properti/41032-73-d60a57797f14-ec8d-19eda75-b254-72d7
Apartemen Dijual di Cilandak,"Rp 1,20M","RW 09, Cilandak Barat, Cilandak, Jakarta Selatan, Daerah Khusus Ibukota Jakarta",https://www.lamudi.co.id/properti/41032-73-cf77937716ca-34ad-19f1b0a-ac06-751e
Apartemen Dijual di Dukuh Sutorejo,Rp 410Jt,"RW 04, Dukuh Sutorejo, Mulyorejo, Surabaya, Jawa Timur",https://www.lamudi.co.id/properti/41032-73-f9b03c75ee89-41fc-19c1e85-bf6f-7568
Apartemen Dijual di Bintaro,"Rp 1,80M","RW 03, Bintaro, Pesanggrahan, Jakarta Selatan, Daerah Khusus Ibukota Jakarta",https://www.lamudi.co.id/jual/jakarta/jakarta-selatan/apartemen-lexington-residences-jual-murah-harga-ne-175402063192/
Apartemen Dijual di Kelapa Indah,Rp 285Jt,"Kota Ayodhya, Kelapa Indah, Tangerang, Tangerang, Banten",https://www.lamudi.co.id/properti/41032-73-2fb1e078bac4-fd7d-19e1aa6-9127-7662
Apartemen Dijual di Kebayoran Baru,Rp 35M,"SCBD, Senayan, Kebayoran Baru, Jakarta Selatan, Daerah Khusus Ibukota Jakarta",https://www.lamudi.co.id/properti/41032-73-fb5f2f97a3bf-2395-19cf4fc-96af-74fb
Apartemen Dijual di Bekasi Utara,Rp 430Jt,"Rawa Bugel, Perwira, Bekasi, Jawa Barat",https://www.lamudi.co.id/properti/41032-73-671cd7d5842d-3e1a-19e3e9f-8b9c-72f5
Apartemen Dijual di Curug Sangereng,Rp 380Jt,"Summarecon Serpong, Curug Sangereng, Kelapa Dua, Kabupaten Tangerang, Banten",https://www.lamudi.co.id/properti/41032-73-413ae8f686d7-b03f-19e629b-a0ce-7689
Apartemen Dijual di Bekasi Utara,Rp 280Jt,"Summarecon Bekasi, Rawa Bugel, Perwira, Bekasi, Jawa Barat",https://www.lamudi.co.id/properti/41032-73-dbb5cc888f5f-2eb-19dd7b9-bedb-7364
Apartemen Dijual di Gading Serpong,Rp 750Jt,"Gading Serpong, Pakulonan Barat, Kelapa Dua, Kabupaten Tangerang, Banten",https://www.lamudi.co.id/jual/banten/tangerang/dijual-apartemen-mtown-residence-gading-serpong-ti-175586527512/
Apartemen Dijual di Kelapa Gading,Rp 875Jt,"RW 19, Kelapa Gading Barat, Kelapa Gading, Jakarta Utara, Daerah Khusus Ibukota Jakarta",https://www.lamudi.co.id/properti/41032-73-4cfba690f88b-d228-19c663b-b236-73dc
Apartemen Dijual di Cilandak,Rp 550Jt,"RW 02, Cipete Selatan, Cilandak, Jakarta Selatan, Daerah Khusus Ibukota Jakarta",https://www.lamudi.co.id/properti/41032-73-5a288467a6d1-1177-19dfbbf-a7ad-76a8
Apartemen Dijual di Pasar Rebo,Rp 380Jt,"RW 07, Pekayon, Pasar Rebo, Jakarta Timur, Daerah Khusus Ibukota Jakarta",https://www.lamudi.co.id/jual/jakarta/jakarta-timur/dijual-apartemen-siap-huni-siap-sewa-di-jakarta-ci-172748878940/
Apartemen Dijual di Cilandak,Rp 990Jt,"RW 09, Cilandak Barat, Cilandak, Jakarta Selatan, Daerah Khusus Ibukota Jakarta",https://www.lamudi.co.id/properti/41032-73-c9e07632bf2c-40ef-19edc9a-9561-76a7
Apartemen Dijual di Pademangan,"Rp 1,78M","PPK Kemayoran, Pademangan Timur, Pademangan, Jakarta Utara, Daerah Khusus Ibukota Jakarta",https://www.lamudi.co.id/properti/41032-73-9864cbd32bf2-4243-19edfb4-a11b-7837
Apartemen Dijual di Karanganyar,Rp 330Jt,"Surakarta, Karanganyar, Jawa Tengah",https://www.lamudi.co.id/properti/41032-73-37cf1d1ad148-c9ba-19dd1f9-ae01-7af8
Apartemen Dijual di Kebayoran Baru,Rp 50M,"SCBD, Senayan, Kebayoran Baru, Jakarta Selatan, Daerah Khusus Ibukota Jakarta",https://www.lamudi.co.id/properti/41032-73-1ccea6e8bea0-82d7-19a8065-b092-7407
Apartemen Dijual di Kuningan,"Rp 3,70M","RW 01, Kuningan Timur, Setiabudi, Jakarta Selatan, Daerah Khusus Ibukota Jakarta",https://www.lamudi.co.id/jual/jakarta/jakarta-selatan/apartemen-mewah-oakwood-mega-kuningan-1-br-96m2-fu-175429126065/
Apartemen Dijual di Jatinangor,Rp 315Jt,"Jatinangor, Sumedang, Jawa Barat",https://www.lamudi.co.id/properti/41032-73-fc2360f5c8f1-7b56-19d814f-8c13-7e64
Apartemen Dijual di Kelapa Gading,Rp 975Jt,"RW 13, Kelapa Gading Timur, Kelapa Gading, Jakarta Utara, Daerah Khusus Ibukota Jakarta",https://www.lamudi.co.id/properti/41032-73-ca31a4dc2106-68fa-19da6b4-bf07-757e
Apartemen Dijual di Cempaka Putih,"Rp 2,18M","RW 07, Cempaka Putih Timur, Cempaka Putih, Jakarta Pusat, Daerah Khusus Ibukota Jakarta",https://www.lamudi.co.id/jual/jakarta/jakarta-pusat/dijual-apartment-holland-village-jakarta-2br-3br-j-174766997579/
Apartemen Dijual di Cibitung,Rp 410Jt,"MM2100 Industrial Town, Gandamekar, Kab Bekasi, Jawa Barat",https://www.lamudi.co.id/properti/41032-73-a01d618b7ba9-debd-19d8788-a21f-72ce
Apartemen Dijual di Grogol Petamburan,"Rp 1,60M","RW 06, Tanjung Duren Selatan, Grogol Petamburan, Jakarta Barat, Daerah Khusus Ibukota Jakarta",https://www.lamudi.co.id/properti/41032-73-4fb50433abeb-ccbb-19f1bf5-989c-74f5
Apartemen Dijual di Gading Serpong,Rp 700Jt,"Gading Serpong, Pakulonan Barat, Kelapa Dua, Kabupaten Tangerang, Banten",https://www.lamudi.co.id/properti/41032-73-b87d129fdad-486a-199a888-9cfa-73d1
Apartemen Dijual di Pancoran Mas,Rp 69M,"Rangkapan Jaya, Pancoran Mas, Depok, Jawa Barat",https://www.lamudi.co.id/properti/41032-73-ebf122142570-f57b-19ef01a-930d-74e8
Apartemen Dijual di Kelapa Dua,Rp 850Jt,"Lippo Village, Kelapa Dua, Kelapa Dua, Kabupaten Tangerang, Banten",https://www.lamudi.co.id/properti/41032-73-5e61736578c3-4abb-19c6604-82b4-783f
Apartemen Dijual di Bumi Serpong Damai,Rp 145Jt,"BSD Sunburst CBD, Babakan, BSD City, Serpong, Tangerang Selatan, Banten",https://www.lamudi.co.id/properti/41032-73-e61ab96c2b26-840f-19f1265-83b6-72f7
Apartemen Dijual di Sleman,"Rp 1,05M","Sariharjo, Ngaglik, Sleman, Daerah Istimewa Yogyakarta",https://www.lamudi.co.id/properti/41032-73-3fb326980f5b-5af7-19cd0cc-afde-790a
Apartemen Dijual di Cilandak,"Rp 1,90M","RW 09, Cilandak Barat, Cilandak, Jakarta Selatan, Daerah Khusus Ibukota Jakarta",https://www.lamudi.co.id/properti/41032-73-8276d1321396-5bfe-19dc711-99cc-74a9
Apartemen Dijual di Beji,Rp 400Jt,"Kukusan, Beji, Depok, Jawa Barat",https://www.lamudi.co.id/properti/41032-73-a34be980a71e-fedf-19e1d51-bcd7-7823
Apartemen Dijual di Kebon Melati,Mencari,"RW 09, Kebon Melati, Tanah Abang, Jakarta Pusat, Daerah Khusus Ibukota Jakarta",https://www.lamudi.co.id/properti/41032-73-91fc2f756653-8a65-19d7107-93a8-77c9
Apartemen Dijual di Buahbatu,Rp 280Jt,"Margasari, Buahbatu, Kota Bandung, Jawa Barat",https://www.lamudi.co.id/properti/41032-73-5d56ada49dc1-85ac-19cf5db-a47a-733c
Apartemen Dijual di Beji,Rp 350Jt,"Kukusan, Beji, Depok, Jawa Barat",https://www.lamudi.co.id/properti/41032-73-df6199fe9c23-6936-19e1d5d-8d3a-7320
Apartemen Dijual di Alam Sutera,Rp 800Jt,"Alam Sutera, Pinang, Tangerang, Banten",https://www.lamudi.co.id/properti/41032-73-eb1210503e65-752c-19e7dc8-a309-7324
Apartemen Dijual di Cilandak,Rp 980Jt,"RW 04, Cilandak Barat, Cilandak, Jakarta Selatan, Daerah Khusus Ibukota Jakarta",https://www.lamudi.co.id/jual/jakarta/jakarta-selatan/apartemen-cantik-2-bedroom-fully-furnished-the-asp-174556830831/
Apartemen Dijual di Kamal Muara,Rp 350Jt,"RW 03, Kamal Muara, Penjaringan, Jakarta Utara, Daerah Khusus Ibukota Jakarta",https://www.lamudi.co.id/jual/jakarta/jakarta-utara/dijual-apartment-teluk-intan-lantai-rendah-lt-2-171747164982/
Apartemen Dijual di Kebayoran Baru,"Rp 4,60M","RW 10, Kramat Pela, Kebayoran Baru, Jakarta Selatan, Daerah Khusus Ibukota Jakarta",https://www.lamudi.co.id/properti/41032-73-6e8cab4f1b62-e429-19c7172-9284-72e3
Apartemen Dijual di Kelapa Indah,Rp 380Jt,"Kumatex, Kelapa Indah, Tangerang, Tangerang, Banten",https://www.lamudi.co.id/properti/41032-73-a9bab5099c9d-b480-19e8263-a43a-7800
Apartemen Dijual di Kebayoran Lama,Rp 3M,"RW 05, Kebayoran Lama Utara, Kebayoran Lama, Jakarta Selatan, Daerah Khusus Ibukota Jakarta",https://www.lamudi.co.id/properti/41032-73-1d6669d0727e-7410-19d7165-8064-7dea
Apartemen Dijual di Cipulir,Rp 17M,"RW 11, Cipulir, Kebayoran Lama, Jakarta Selatan, Daerah Khusus Ibukota Jakarta",https://www.lamudi.co.id/properti/41032-73-f1afffb7337-5b32-19bdf9c-9373-7453
Apartemen Dijual di Bangka,"Rp 3,80M","RW 05, Bangka, Mampang Prapatan, Jakarta Selatan, Daerah Khusus Ibukota Jakarta",https://www.lamudi.co.id/jual/jakarta/jakarta-selatan/dijual-apartment-kemang-village-residence-tower-ri-175775728734/
Apartemen Dijual di Jatinegara,Rp 480Jt,"Bassura City, Cipinang Besar Selatan, Jatinegara, Jakarta Timur, Daerah Khusus Ibukota Jakarta",https://www.lamudi.co.id/properti/41032-73-1a0517f3670-7b5d-19c238c-ad1d-72ac
Apartemen Dijual di Grogol Petamburan,"Rp 1,10M","RW 06, Tanjung Duren Selatan, Grogol Petamburan, Jakarta Barat, Daerah Khusus Ibukota Jakarta",https://www.lamudi.co.id/properti/41032-73-35640618e5ed-6553-19e6dd8-958a-7776
Apartemen Dijual di Lontar,Rp 625Jt,"Pakuwon Indah, RW 16, Lontar, Sambikerep, Surabaya, Jawa Timur",https://www.lamudi.co.id/properti/41032-73-df0cb9195d79-5969-19e7d2a-85a7-7704
Apartemen Dijual di Gading Serpong,Rp 625Jt,"Gading Serpong, Pakulonan Barat, Kelapa Dua, Kabupaten Tangerang, Banten",https://www.lamudi.co.id/properti/41032-73-da04c19cfba6-a84c-19e52c2-99a3-7217
Apartemen Dijual di Pondok Aren,Rp 425Jt,"Pondok Pucung, Pondok Aren, Tangerang Selatan, Banten",https://www.lamudi.co.id/jual/banten/tangerang/dijual-super-murah-apartemen-embarcadero-1-bedroom-174508712865/
Apartemen Dijual di Darmo Permai,Rp 750Jt,"RW 01, Darmo, Wonokromo, Surabaya, Jawa Timur",https://www.lamudi.co.id/properti/41032-73-b3abb68a9ab7-b39a-b7e61277-b070-43c3
Apartemen Dijual di Tebet,Rp 950Jt,"RW 05, Tebet Barat, Tebet, Jakarta Selatan, Daerah Khusus Ibukota Jakarta",https://www.lamudi.co.id/jual/jakarta/jakarta-selatan/dijual-apartement-bellevue-jl-mt-haryono-jakarta-p-175765706328/
Apartemen Dijual di Batam Kota,"Rp 1,30M","Teluk Tering, Teluk Tering, Batam Kota, Batam",https://www.lamudi.co.id/properti/41032-73-5ab1187ea85c-a9d8-19efd24-90e5-74b4
Apartemen Dijual di Cempaka Putih,Rp 350Jt,"RW 02, Cempaka Putih Timur, Cempaka Putih, Jakarta Pusat, Daerah Khusus Ibukota Jakarta",https://www.lamudi.co.id/properti/41032-73-141266c18093-2f7d-19f133f-a3de-7524
Apartemen Dijual di Karet Kuningan,Rp 27M,"RW 04, Karet Kuningan, Setiabudi, Jakarta Selatan, Daerah Khusus Ibukota Jakarta",https://www.lamudi.co.id/jual/jakarta/jakarta-selatan/apartemen-mewah-raffles-residence-4br-kuningan-171377534212/
Apartemen Dijual di Sunter,Rp 168Jt,"RW 18, Sunter Agung, Tanjung Priok, Jakarta Utara, Daerah Khusus Ibukota Jakarta",https://www.lamudi.co.id/properti/41032-73-48134207d6d-5259-19f1b99-9018-73dc
Apartemen Dijual di Pancoran,Rp 365Jt,"RW 04, Rawajati, Pancoran, Jakarta Selatan, Daerah Khusus Ibukota Jakarta",https://www.lamudi.co.id/properti/41032-73-49394348fed-c882-19f1260-92e4-70e2
Apartemen Dijual di Serpong Utara,Rp 950Jt,"Pakualam, Serpong Utara, Tangerang Selatan, Banten",https://www.lamudi.co.id/properti/41032-73-8691b64e7160-a765-b9899bbf-9b5f-4ada
Apartemen Dijual di Pancoran,Rp 320Jt,"RW 04, Rawajati, Pancoran, Jakarta Selatan, Daerah Khusus Ibukota Jakarta",https://www.lamudi.co.id/properti/41032-73-9d2dfeed2321-f8b6-19f1337-b2ad-7163
Apartemen Dijual di Grogol Petamburan,Rp 925Jt,"RW 01, Tanjung Duren Selatan, Grogol Petamburan, Jakarta Barat, Daerah Khusus Ibukota Jakarta",https://www.lamudi.co.id/jual/jakarta/jakarta-barat/hot-item-jual-1br-view-pool-taman-anggrek-residenc-174858748036/
Apartemen Dijual di Sawahan,Rp 550Jt,"RW 08, Putat Jaya, Sawahan, Surabaya, Jawa Timur",https://www.lamudi.co.id/properti/41032-73-443f61bd5e61-3135-43c97732-8a12-4bc3
Apartemen Dijual di Cakung,Rp 550Jt,"RW 05, Rawa Terate, Cakung, Jakarta Timur, Daerah Khusus Ibukota Jakarta",https://www.lamudi.co.id/properti/41032-73-fe842a41c3c3-c624-19d7247-9e06-7442
Apartemen Dijual di Pantai Indah Kapuk 2,Rp 775Jt,"Muara, Pantai Indah Kapuk 2, Muara, Teluknaga, Kabupaten Tangerang, Banten",https://www.lamudi.co.id/properti/41032-73-21cc5b8567ee-415e-19df2dc-9aef-7664
Apartemen Dijual di Babatan,Rp 1M,"Pakuwon Indah, Kawasan Superblock Pakuwon, Babatan, Wiyung, Surabaya, Jawa Timur",https://www.lamudi.co.id/properti/41032-73-4cc8392bd2e4-472-19bbacf-a2b5-72ae
Apartemen Dijual di Kesawan,"Rp 1,05M","Kesawan, Medan Barat, Kota Medan, Sumatera Utara",https://www.lamudi.co.id/properti/41032-73-e0a431604c28-ee4d-19e1b95-c021-785c
Apartemen Dijual di Sunter,Rp 865Jt,"RW 16, Sunter Agung, Tanjung Priok, Jakarta Utara, Daerah Khusus Ibukota Jakarta",https://www.lamudi.co.id/properti/41032-73-b01efa38c90f-96fa-19eb4ef-aa17-72bb
Apartemen Dijual di Bangka,Rp 999Jt,"RW 05, Bangka, Mampang Prapatan, Jakarta Selatan, Daerah Khusus Ibukota Jakarta",https://www.lamudi.co.id/properti/41032-73-920c7bcc3058-f1d8-19ed99e-b936-77f2
Apartemen Dijual di Bumi Serpong Damai,Rp 310Jt,"BSD City, Sampora, Cisauk, Kabupaten Tangerang, Banten",https://www.lamudi.co.id/properti/41032-73-1705b638588-a8c7-19dbe82-ae7f-7243
Apartemen Dijual di Tenggilis Mejoyo,Rp 550Jt,"RW 03, Tenggilis Mejoyo, Tenggilis Mejoyo, Surabaya, Jawa Timur",https://www.lamudi.co.id/properti/41032-73-e0ce1d5e39c7-c50b-19e20d8-97ef-7a72
Apartemen Dijual di Karawangpawitan,Rp 750Jt,"Sukamulya, Karawang, Jawa Barat",https://www.lamudi.co.id/jual/jawa-barat/karawang/apartemen-studio-di-azalea-suites-cikarang-bekasi-173384284612/
Apartemen Dijual di Kelapa Dua,"Rp 1,70M","Lippo Village, Kelapa Dua, Kelapa Dua, Kabupaten Tangerang, Banten",https://www.lamudi.co.id/properti/41032-73-aacf92c29c44-f671-19f12e4-bf68-7746
Apartemen Dijual di Pantai Indah Kapuk 2,Rp 325Jt,"Muara, Pantai Indah Kapuk 2, Muara, Teluknaga, Kabupaten Tangerang, Banten",https://www.lamudi.co.id/properti/41032-73-52855dd7585-67f3-19a39c6-bef4-778f
Apartemen Dijual di Sunter,Rp 500Jt,"RW 04, Sunter Agung, Tanjung Priok, Jakarta Utara, Daerah Khusus Ibukota Jakarta",https://www.lamudi.co.id/properti/41032-73-f1bb5bf231fe-abbe-19e4e7e-9bc5-7535
Apartemen Dijual di Darmo Permai,Rp 150Jt,"RW 01, Darmo, Wonokromo, Surabaya, Jawa Timur",https://www.lamudi.co.id/properti/41032-73-387c43787f66-6a24-c568984f-a17c-40ba
Apartemen Dijual di Karet,"Rp 1,50M","RW 04, Karet, Setiabudi, Jakarta Selatan, Daerah Khusus Ibukota Jakarta",https://www.lamudi.co.id/properti/41032-73-389056c46c5a-7670-19eda0f-8f77-7597
Apartemen Dijual di Tulangan,Rp 585Jt,"Modong, Tulangan, Sidoarjo, Jawa Timur",https://www.lamudi.co.id/jual/jawa-timur/sidoarjo/dijual-apartement-amor-diatas-pakuwon-city-mall-174074212115/
Apartemen Dijual di Menteng,Rp 11M,"RW 05, Menteng, Menteng, Jakarta Pusat, Daerah Khusus Ibukota Jakarta",https://www.lamudi.co.id/properti/41032-73-7d732bdc9191-bec8-199a35e-b3a6-7501
Apartemen Dijual di Mulyorejo,Rp 585Jt,"RW 02, Kejawen Putih Tambak, Mulyorejo, Surabaya, Jawa Timur",https://www.lamudi.co.id/jual/jawa-timur/surabaya/di-jual-apartemen-amor-pakuwon-city-luas-25m2-171376440961/
Apartemen Dijual di Bekasi Timur,"Rp 3,20Jt","Kp Belter, Villa Taman Kartini, Rawasemut, Margahayu, Bekasi, Jawa Barat",https://www.lamudi.co.id/jual/jawa-barat/bekasi/sewa-apartemen-lagoon-resot-bekasi-timur-full-furn-175634504240/
Apartemen Dijual di Bumi Serpong Damai,Rp 345Jt,"Babakan, BSD City, Serpong, Tangerang Selatan, Banten",https://www.lamudi.co.id/properti/41032-73-8ba839bb1440-d06a-19a4586-aea2-7595
Apartemen Dijual di Pisangan Timur,Rp 570Jt,"RW 07, Pisangan Timur, Pulo Gadung, Jakarta Timur, Daerah Khusus Ibukota Jakarta",https://www.lamudi.co.id/jual/jakarta/jakarta-timur/jual-cepat-apartemen-oak-tower-a-terdepan-lt-42-lt-175734134792/
Apartemen Dijual di Kalirungkut,Rp 265Jt,"RW 04, Kali Rungkut, Rungkut, Surabaya, Jawa Timur",https://www.lamudi.co.id/properti/41032-73-ed62334162ad-e577-19a8bc0-9139-7292
Apartemen Dijual di Mulyorejo,"Rp 4,30M","RW 09, Mulyorejo, Mulyorejo, Surabaya, Jawa Timur",https://www.lamudi.co.id/properti/41032-73-1ee060110802-5af9-19cd5a0-83cd-7641
Kondominium Dijual di Penjaringan,Rp 550JtProperti sitaan,"RW 06, Pluit, Penjaringan, Jakarta Utara, Daerah Khusus Ibukota Jakarta",https://www.lamudi.co.id/jual/jakarta/jakarta-utara/dijual-cepat-apartemen-green-bay-pluit-jakarta-uta-175324030446/
Apartemen Dijual di Alam Sutera,"Rp 4,50M","Alam Sutera, Pinang, Tangerang, Banten",https://www.lamudi.co.id/properti/41032-73-ea531c437d31-ada9-19c6ade-94e5-71d6
Apartemen Dijual di Kembangan,"Rp 1,50M","RW 02, Kembangan Selatan, Kembangan, Jakarta Barat, Daerah Khusus Ibukota Jakarta",https://www.lamudi.co.id/properti/41032-73-9bf90b4d776b-7080-19edf5e-b852-7715
Apartemen Dijual di Cakung,Rp 975Jt,"Jakarta Garden City, Cakung Timur, Cakung, Jakarta Timur, Daerah Khusus Ibukota Jakarta",https://www.lamudi.co.id/properti/41032-73-75ebaf4c3673-d101-19ca2cf-98cc-7355
Apartemen Dijual di Grogol Petamburan,"Rp 3,20M","RW 05, Tanjung Duren Selatan, Grogol Petamburan, Jakarta Barat, Daerah Khusus Ibukota Jakarta",https://www.lamudi.co.id/properti/41032-73-7c771ddc12e2-c485-19c8b1d-9694-735c
Apartemen Dijual di Cakung,Rp 1M,"Jakarta Garden City, Cakung Timur, Cakung, Jakarta Timur, Daerah Khusus Ibukota Jakarta",https://www.lamudi.co.id/properti/41032-73-ae201ada895f-374a-19ca2c5-b4c5-7421
Apartemen Dijual di Grogol Petamburan,"Rp 2,65M","RW 01, Tanjung Duren Selatan, Grogol Petamburan, Jakarta Barat, Daerah Khusus Ibukota Jakarta",https://www.lamudi.co.id/properti/41032-73-675b99976351-23bb-19a7697-8c39-72ab
Apartemen Dijual di Kebagusan,Rp 420Jt,"RW 03, Kebagusan, Pasar Minggu, Jakarta Selatan, Daerah Khusus Ibukota Jakarta",https://www.lamudi.co.id/properti/41032-73-2e64f6202412-b851-19e01cb-976f-74b3
Apartemen Dijual di Cikarang Selatan,Rp 420Jt,"Meikarta, Cibatu, Kab Bekasi, Jawa Barat",https://www.lamudi.co.id/properti/41032-73-c069e0b2d041-1147-19f1c4d-a776-73f7
Apartemen Dijual di Depok,Rp 850Jt,"Sukatani, Depok, Jawa Barat",https://www.lamudi.co.id/properti/41032-73-66cd0acc0012-c2f-19d467f-8360-7540
Apartemen Dijual di Panunggangan Utara,Rp 199Jt,"Panunggangan Utara, Pinang, Tangerang, Banten",https://www.lamudi.co.id/properti/41032-73-50f219d5ce9b-ab25-19e1a85-a8dd-7305
Apartemen Dijual di Kebayoran Lama,"Rp 2,20M","RW 02, Kebayoran Lama Utara, Kebayoran Lama, Jakarta Selatan, Daerah Khusus Ibukota Jakarta",https://www.lamudi.co.id/properti/41032-73-e6254e763214-ff18-19abdd7-9101-70f1
Apartemen Dijual di Kampung Pelita,Rp 715Jt,"Kampung Pelita, Kampung Pelita, Lubuk Baja, Batam",https://www.lamudi.co.id/properti/41032-73-3b720b056f16-1cd7-19ea8a7-9d07-75a1
Apartemen Dijual di Cempaka Putih,Rp 450Jt,"RW 02, Cempaka Putih Timur, Cempaka Putih, Jakarta Pusat, Daerah Khusus Ibukota Jakarta",https://www.lamudi.co.id/properti/41032-73-d594b7a1b663-f0c9-19f11d7-a2f3-7188
Apartemen Dijual di Kebon Jeruk,Rp 4M,"RW 11, Kedoya Utara, Kebon Jeruk, Jakarta Barat, Daerah Khusus Ibukota Jakarta",https://www.lamudi.co.id/properti/41032-73-be7d935d17b4-e037-19ecba3-8550-7a73
Apartemen Dijual di Bumi Serpong Damai,Rp 690Jt,"BSD Sunburst CBD, Babakan, BSD City, Serpong, Tangerang Selatan, Banten",https://www.lamudi.co.id/properti/41032-73-9d325ba4dd71-582f-19d6c47-a805-71c1
Apartemen Dijual di Kembangan,"Rp 2,30M","RW 09, Kembangan Utara, Kembangan, Jakarta Barat, Daerah Khusus Ibukota Jakarta",https://www.lamudi.co.id/properti/41032-73-54759d46aab0-24b-19e4018-a310-752f
Apartemen Dijual di Pantai Indah Kapuk 2,Rp 550Jt,"Muara, Pantai Indah Kapuk 2, Muara, Teluknaga, Kabupaten Tangerang, Banten",https://www.lamudi.co.id/properti/41032-73-e574b89130a0-8880-19d9a5c-839f-7811
Apartemen Dijual di Cengkareng,Rp 550Jt,"RW 01, Cengkareng Barat, Cengkareng, Jakarta Barat, Daerah Khusus Ibukota Jakarta",https://www.lamudi.co.id/properti/41032-73-6d4e0b9900f6-5a69-19c945a-912d-762c
Apartemen Dijual di Serpong,Rp 260Jt,"Lengkong Gudang Timur, Serpong, Tangerang Selatan, Banten",https://www.lamudi.co.id/properti/41032-73-1d138b6b92f4-8f24-19cbcf0-acb9-74b4
Apartemen Dijual di Gading Serpong,Rp 390Jt,"Ruko Bavaria, Paramount Serpong, Gading Serpong, Kelapa Dua, Kelapa Dua, Kabupaten Tangerang, Banten",https://www.lamudi.co.id/properti/41032-73-a525c3f0673c-df67-19ebf54-87e2-77e9
Apartemen Dijual di Bangka,"Rp 3,50M","RW 05, Bangka, Mampang Prapatan, Jakarta Selatan, Daerah Khusus Ibukota Jakarta",https://www.lamudi.co.id/jual/jakarta/jakarta-selatan/covid-sale-private-lift-nirvana-kemang-3br-189m2-174315485162/
Apartemen Dijual di Bekasi,Rp 799Jt,"Kota Jababeka, Sertajaya, Kab Bekasi, Jawa Barat",https://www.lamudi.co.id/jual/jawa-barat/bekasi/dijual-apartemen-2br-trivium-lippo-cikarang-full-f-175212615324/
Apartemen Dijual di Alam Sutera,"Rp 2,20M","Alam Sutera, Pinang, Tangerang, Banten",https://www.lamudi.co.id/properti/41032-73-9a4522fd8961-a9a1-19ebb2e-b8ca-7503
Apartemen Dijual di Gambir,Rp 250Jt,"RW 02, Gambir, Gambir, Jakarta Pusat, Daerah Khusus Ibukota Jakarta",https://www.lamudi.co.id/properti/41032-73-c46a1422b732-251e-19e825a-bd3f-7793
Apartemen Dijual di Karet Semanggi,"Rp 2,70M","RW 04, Karet Semanggi, Setiabudi, Jakarta Selatan, Daerah Khusus Ibukota Jakarta",https://www.lamudi.co.id/properti/41032-73-438f44c2ff50-acc6-19d6c38-b1d9-7067
Apartemen Dijual di Grogol Selatan,"Rp 1,80M","RW 03, Grogol Selatan, Kebayoran Lama, Jakarta Selatan, Daerah Khusus Ibukota Jakarta",https://www.lamudi.co.id/properti/41032-73-7f4f77536b5d-b668-19e3fd5-80ea-7249
Apartemen Dijual di Cipete Utara,"Rp 7,50M","RW 03, Cipete Utara, Kebayoran Baru, Jakarta Selatan, Daerah Khusus Ibukota Jakarta",https://www.lamudi.co.id/properti/41032-73-bcbf4aea7110-b1d2-19c4cdd-b387-73ee
Apartemen Dijual di Kapuk Muara,Rp 299Jt,"Pantai Indah Kapuk, Kapuk Muara, Penjaringan, Jakarta Utara, Daerah Khusus Ibukota Jakarta",https://www.lamudi.co.id/jual/jakarta/jakarta-utara/dijual-apartemen-di-pik-2-harga-bisa-nego-172248788991/
Apartemen Dijual di Karet Tengsin,"Rp 9,70M","RW 11, Karet Tengsin, Tanah Abang, Jakarta Pusat, Daerah Khusus Ibukota Jakarta",https://www.lamudi.co.id/properti/41032-73-792dc62a18eb-6b0-19e3f96-8e84-7857
Apartemen Dijual di Cilandak,"Rp 1,50M","RW 02, Cilandak Barat, Cilandak, Jakarta Selatan, Daerah Khusus Ibukota Jakarta",https://www.lamudi.co.id/jual/jakarta/jakarta-selatan/apartemen-jakarta-selatan-antasari-place-175845208192/
Apartemen Dijual di Panunggangan,Rp 565Jt,"Tifico, Panunggangan, Pinang, Tangerang, Banten",https://www.lamudi.co.id/jual/banten/tangerang/jual-rugi-lagi-bu-apartemen-springwood-2br-full-fu-17575626078/
Apartemen Dijual di Kebayoran Lama,"Rp 5,50M","RW 05, Kebayoran Lama Utara, Kebayoran Lama, Jakarta Selatan, Daerah Khusus Ibukota Jakarta",https://www.lamudi.co.id/properti/41032-73-b4dcc41ea2d-e376-19dfdbd-8750-7ab4
Apartemen Dijual di Pademangan,Rp 850Jt,"PPK Kemayoran, Pademangan Timur, Pademangan, Jakarta Utara, Daerah Khusus Ibukota Jakarta",https://www.lamudi.co.id/properti/41032-73-aa320518b153-2a44-19dd355-93f9-7456
Apartemen Dijual di Karet Kuningan,Rp 20M,"RW 04, Karet Kuningan, Setiabudi, Jakarta Selatan, Daerah Khusus Ibukota Jakarta",https://www.lamudi.co.id/properti/41032-73-ad9d2afc9205-ba3c-19ec00d-ade4-74b7
Apartemen Dijual di Karet,"Rp 3,10M","RW 04, Karet, Setiabudi, Jakarta Selatan, Daerah Khusus Ibukota Jakarta",https://www.lamudi.co.id/properti/41032-73-4b48aa660677-e52e-19bda81-8bcb-7764
Apartemen Dijual di Menteng Dalam,"Rp 1,65M","RW 01, Menteng Dalam, Tebet, Jakarta Selatan, Daerah Khusus Ibukota Jakarta",https://www.lamudi.co.id/properti/41032-73-30b02cadf340-fe6b-19f0785-95e6-77be
Apartemen Dijual di Alam Sutera,"Rp 5,50M","Alam Sutera, Pinang, Tangerang, Banten",https://www.lamudi.co.id/properti/41032-73-49887767cf5f-ee80-19ca784-843e-7ebe
Apartemen Dijual di Gambir,Rp 385Jt,"RW 02, Gambir, Gambir, Jakarta Pusat, Daerah Khusus Ibukota Jakarta",https://www.lamudi.co.id/properti/41032-73-a7b6dda5e6b7-3b14-19e6390-9b09-7122
Kondominium Dijual di Babatan,"Rp 1,80M","Graha Famili, RW 11, Babatan, Wiyung, Surabaya, Jawa Timur",https://www.lamudi.co.id/properti/41032-73-fe7cf2429827-821-19ebc59-b88c-7952
Apartemen Dijual di Cawang,Rp 650Jt,"RW 05, Cawang, Kramat Jati, Jakarta Timur, Daerah Khusus Ibukota Jakarta",https://www.lamudi.co.id/properti/41032-73-e4e8078c045-9df2-19d4d67-bbf0-7251
Apartemen Dijual di Cempaka Putih,Rp 350Jt,"RW 02, Cempaka Putih Timur, Cempaka Putih, Jakarta Pusat, Daerah Khusus Ibukota Jakarta",https://www.lamudi.co.id/sewa/jakarta/jakarta-pusat/the-green-pramuka-city-sewa-harian-sd-tahunan-baca-174140246297/
Apartemen Dijual di Karet Semanggi,"Rp 4,50M","RW 03, Karet Semanggi, Setiabudi, Jakarta Selatan, Daerah Khusus Ibukota Jakarta",https://www.lamudi.co.id/properti/41032-73-e9a32a6c5c5a-be78-19dab37-acf5-7842
Apartemen Dijual di Tebet,"Rp 2,85M","RW 06, Tebet Barat, Tebet, Jakarta Selatan, Daerah Khusus Ibukota Jakarta",https://www.lamudi.co.id/properti/41032-73-d75b258c10be-81b-19e6585-8d58-7304
Apartemen Dijual di Kalijudan,Rp 360Jt,"RW 07, Kalijudan, Mulyorejo, Surabaya, Jawa Timur",https://www.lamudi.co.id/properti/41032-73-3c64cae80337-83a7-19f0be5-a367-7fd5
Apartemen Dijual di Cempaka Putih,Rp 260Jt,"RW 02, Cempaka Putih Timur, Cempaka Putih, Jakarta Pusat, Daerah Khusus Ibukota Jakarta",https://www.lamudi.co.id/properti/41032-73-327625dd0eb1-16be-19afd48-834d-7472
Apartemen Dijual di Cengkareng,Rp 820Jt,"RW 02, Duri Kosambi, Cengkareng, Jakarta Barat, Daerah Khusus Ibukota Jakarta",https://www.lamudi.co.id/properti/41032-73-93ae54ab79e4-7d88-19a16dd-82df-7053
Apartemen Dijual di Bojong Nangka,Rp 350Jt,"Podomoro Golf View, Bojong Nangka, Gunung Putri, Kab Bogor, Jawa Barat",https://www.lamudi.co.id/properti/41032-73-f757c26f8ee6-b50d-19eda86-80ea-780a
Apartemen Dijual di Margajaya,Rp 430Jt,"Summarecon Bekasi, Rawa Bugel, Margajaya, Bekasi, Jawa Barat",https://www.lamudi.co.id/properti/41032-73-d51ab4abee43-dc61-19c43ea-bfd2-711b
Apartemen Dijual di Kamal Muara,"Rp 3,80M","RW 03, Kamal Muara, Penjaringan, Jakarta Utara, Daerah Khusus Ibukota Jakarta",https://www.lamudi.co.id/properti/41032-73-a0167fb22d15-a35-19b6edc-9445-7103
Apartemen Dijual di Karet,"Rp 9,90M","RW 10, Karet, Setiabudi, Jakarta Selatan, Daerah Khusus Ibukota Jakarta",https://www.lamudi.co.id/properti/41032-73-21ec988c0aac-ca3a-19a2a5b-999a-74da
Apartemen Dijual di Tebet,Rp 875Jt,"RW 01, Tebet Barat, Tebet, Jakarta Selatan, Daerah Khusus Ibukota Jakarta",https://www.lamudi.co.id/properti/41032-73-21dee37183cb-8327-19ce5b3-8d86-75c3
Apartemen Dijual di Karet,"Rp 8,10M","RW 10, Karet, Setiabudi, Jakarta Selatan, Daerah Khusus Ibukota Jakarta",https://www.lamudi.co.id/properti/41032-73-9aa78e88f4a1-5518-19a2a41-af9c-74dd
Apartemen Dijual di Pademangan,"Rp 1,20M","PPK Kemayoran, Pademangan Timur, Pademangan, Jakarta Utara, Daerah Khusus Ibukota Jakarta",https://www.lamudi.co.id/properti/41032-73-fe672b00f237-b96b-199b50b-a769-7e44
Apartemen Dijual di Penjaringan,Rp 400Jt,"RW 10, Pluit, Penjaringan, Jakarta Utara, Daerah Khusus Ibukota Jakarta",https://www.lamudi.co.id/properti/41032-73-22cf6f1e03d4-7505-19b09a4-ac3a-7724
Apartemen Dijual di Cempaka Putih,Rp 445Jt,"RW 02, Cempaka Putih Timur, Cempaka Putih, Jakarta Pusat, Daerah Khusus Ibukota Jakarta",https://www.lamudi.co.id/properti/41032-73-1e0dfbf0a552-8836-19f0299-b9d0-7435
Apartemen Dijual di Cikarang Selatan,Rp 455Jt,"Meikarta, Cibatu, Kab Bekasi, Jawa Barat",https://www.lamudi.co.id/properti/41032-73-7fc3d4b1a5ad-fb5a-19f1e56-8a7b-7392
Apartemen Dijual di Kalibata,Rp 355Jt,"RW 01, Kalibata, Pancoran, Jakarta Selatan, Daerah Khusus Ibukota Jakarta",https://www.lamudi.co.id/properti/41032-73-c7a336fdeb5b-8c6d-19edadd-8351-793d
Apartemen Dijual di Kalideres,Rp 750Jt,"RW 09, Kalideres, Kalideres, Jakarta Barat, Daerah Khusus Ibukota Jakarta",https://www.lamudi.co.id/properti/41032-73-2c1638108e3-46b8-19d2b1a-94d1-7071
Apartemen Dijual di Bojong Nangka,Rp 250Jt,"Podomoro Golf View, Bojong Nangka, Gunung Putri, Kab Bogor, Jawa Barat",https://www.lamudi.co.id/properti/41032-73-f2e17d9998f2-fda6-19d61a3-b1ed-7d27
Apartemen Dijual di Depok,Rp 420Jt,"Kledokan, Catur Tunggal, Depok, Sleman, Daerah Istimewa Yogyakarta",https://www.lamudi.co.id/properti/41032-73-e33caba3cbab-42d0-199b8dd-9a19-77c4
Apartemen Dijual di Grogol Petamburan,"Rp 1,40M","RW 07, Tanjung Duren Selatan, Grogol Petamburan, Jakarta Barat, Daerah Khusus Ibukota Jakarta",https://www.lamudi.co.id/properti/41032-73-6d2691c321aa-d903-199b3ca-b10a-7108
Apartemen Dijual di Cempaka Putih,Rp 365Jt,"RW 02, Cempaka Putih Timur, Cempaka Putih, Jakarta Pusat, Daerah Khusus Ibukota Jakarta",https://www.lamudi.co.id/sewa/jakarta/jakarta-pusat/green-pramuka-city-apartement-tower-mall-full-furn-174527724185/
Apartemen Dijual di Karet,"Rp 2,60M","RW 04, Karet, Setiabudi, Jakarta Selatan, Daerah Khusus Ibukota Jakarta",https://www.lamudi.co.id/jual/jakarta/jakarta-selatan/apartemen-itc-ambassador-3br-118mtr-full-furnished-175367741310/
Apartemen Dijual di Kebagusan,Rp 350Jt,"RW 03, Kebagusan, Pasar Minggu, Jakarta Selatan, Daerah Khusus Ibukota Jakarta",https://www.lamudi.co.id/properti/41032-73-e5c085b1948c-e5f4-19f1349-a26d-74b5
Apartemen Dijual di Pantai Indah Kapuk 2,Rp 450Jt,"Muara, Pantai Indah Kapuk 2, Muara, Teluknaga, Kabupaten Tangerang, Banten",https://www.lamudi.co.id/properti/41032-73-5181cc6dc219-c874-19cb9a7-83ab-7de1
Apartemen Dijual di Menteng Dalam,"Rp 1,10M","RW 01, Menteng Dalam, Tebet, Jakarta Selatan, Daerah Khusus Ibukota Jakarta",https://www.lamudi.co.id/properti/41032-73-fc04011566b4-6bbb-19eedfa-8394-76e7
Apartemen Dijual di Cempaka Putih,Rp 330Jt,"RW 02, Cempaka Putih Timur, Cempaka Putih, Jakarta Pusat, Daerah Khusus Ibukota Jakarta",https://www.lamudi.co.id/properti/41032-73-87b06f3ee6f9-c7e9-19eee6e-bf82-7813
Apartemen Dijual di Menteng Dalam,Rp 900Jt,"RW 05, Menteng Dalam, Tebet, Jakarta Selatan, Daerah Khusus Ibukota Jakarta",https://www.lamudi.co.id/jual/jakarta/jakarta-selatan/apt-casablanca-mansion-1br-besar-lb-62-5mtr-175565791287/
Apartemen Dijual di Kebayoran Baru,"Rp 7,50M","SCBD, Senayan, Kebayoran Baru, Jakarta Selatan, Daerah Khusus Ibukota Jakarta",https://www.lamudi.co.id/jual/jakarta/jakarta-selatan/residence-8-apartmen-3br-fully-furnish-best-price-175455335333/
Apartemen Dijual di Manyar,"Rp 3,85M","RW 10, Manyar Sabrangan, Mulyorejo, Surabaya, Jawa Timur",https://www.lamudi.co.id/properti/41032-73-8037467c4b8e-689c-19eca6a-ad0c-75bc
Apartemen Dijual di Cempaka Putih,Rp 425Jt,"RW 09, Rawasari, Cempaka Putih, Jakarta Pusat, Daerah Khusus Ibukota Jakarta",https://www.lamudi.co.id/properti/41032-73-49964652a2f5-8ef4-19ebadc-a95c-7d8b
Apartemen Dijual di Kelapa Dua,Rp 670Jt,"Lippo Village, Kelapa Dua, Kelapa Dua, Kabupaten Tangerang, Banten",https://www.lamudi.co.id/properti/41032-73-f051040639c5-e5fb-19f0dd5-b3cc-7dde
Apartemen Dijual di Kosambi,Rp 470Jt,"Osaka Riverview Apartment, Pantai Indah Kapuk 2, Salembaran, Kosambi, Kabupaten Tangerang, Banten",https://www.lamudi.co.id/properti/41032-73-209a10137b37-97c2-19eafdf-8276-755f
Apartemen Dijual di Bidara Cina,Rp 795Jt,"RW 07, Bidara Cina, Jatinegara, Jakarta Timur, Daerah Khusus Ibukota Jakarta",https://www.lamudi.co.id/properti/41032-73-515cc3e23888-2f9e-19f1243-a21c-7fe7
Apartemen Dijual di Cilandak,"Rp 1,80M","RW 01, Cilandak Barat, Cilandak, Jakarta Selatan, Daerah Khusus Ibukota Jakarta",https://www.lamudi.co.id/properti/41032-73-e53376e7e4cd-c62c-19a806b-8f5e-73b7
Apartemen Dijual di Kalisari,Rp 300Jt,"Pakuwon City, RW 08, Kalisari, Mulyorejo, Surabaya, Jawa Timur",https://www.lamudi.co.id/properti/41032-73-449bc9302ada-aa44-19efa3c-a2c4-70a7
Apartemen Dijual di Jatinegara,Rp 450Jt,"RW 01, Cipinang Besar Utara, Jatinegara, Jakarta Timur, Daerah Khusus Ibukota Jakarta",https://www.lamudi.co.id/properti/41032-73-3b658506de98-c068-19f18f5-bf8f-761f
Apartemen Dijual di Jatinegara,"Rp 699,99Jt","RW 01, Cipinang Besar Utara, Jatinegara, Jakarta Timur, Daerah Khusus Ibukota Jakarta",https://www.lamudi.co.id/properti/41032-73-625031a3f266-1bcc-19f1960-8ba9-709f
Apartemen Dijual di Grogol Petamburan,"Rp 3,80M","RW 06, Tanjung Duren Selatan, Grogol Petamburan, Jakarta Barat, Daerah Khusus Ibukota Jakarta",https://www.lamudi.co.id/properti/41032-73-d1e483739da4-5a85-19ef39a-816f-7268
Apartemen Dijual di Kelapa Gading,"Rp 2,90M","RW 21, Kelapa Gading Barat, Kelapa Gading, Jakarta Utara, Daerah Khusus Ibukota Jakarta",https://www.lamudi.co.id/properti/41032-73-69e7c106a0bf-88-19ed8ce-bfe4-7ce5
Apartemen Dijual di Kebon Kosong,Rp 550Jt,"RW 12, Kebon Kosong, Kemayoran, Jakarta Pusat, Daerah Khusus Ibukota Jakarta",https://www.lamudi.co.id/properti/41032-73-a095b2e0dcc-948b-19f1e98-8d79-7538
Apartemen Dijual di Jatinegara,Rp 480Jt,"RW 01, Cipinang Besar Utara, Jatinegara, Jakarta Timur, Daerah Khusus Ibukota Jakarta",https://www.lamudi.co.id/properti/41032-73-e88fde18b9a9-fc51-19f1966-bc21-761f
Apartemen Dijual di Bekasi Barat,Rp 270Jt,"Grand Kamala Lagoon, Lagoon, Jakasampurna, Bekasi, Jawa Barat",https://www.lamudi.co.id/jual/jawa-barat/bekasi/apartemen-murah-di-grand-kamala-lagoon-174178653662/
Apartemen Dijual di Mampang Prapatan,Rp 950Jt,"RW 11, Pela Mampang, Mampang Prapatan, Jakarta Selatan, Daerah Khusus Ibukota Jakarta",https://www.lamudi.co.id/properti/41032-73-99e1f7ffe3c7-6f68-19be426-b561-73b6
Apartemen Dijual di Pancoran,"Rp 1,30M","RW 02, Pancoran, Pancoran, Jakarta Selatan, Daerah Khusus Ibukota Jakarta",https://www.lamudi.co.id/properti/41032-73-a3a3c3ecae26-f08e-19cb32f-be37-751d
Apartemen Dijual di Cengkareng,"Rp 5,70M","RW 13, Cengkareng Barat, Cengkareng, Jakarta Barat, Daerah Khusus Ibukota Jakarta",https://www.lamudi.co.id/properti/41032-73-c34310b99bbc-22d0-19ded4b-aa2e-7547
Apartemen Dijual di Grogol Petamburan,Rp 3M,"RW 05, Tanjung Duren Selatan, Grogol Petamburan, Jakarta Barat, Daerah Khusus Ibukota Jakarta",https://www.lamudi.co.id/properti/41032-73-6cb368a786c8-6c89-19e0712-90cc-714c
Apartemen Dijual di Grogol Petamburan,"Rp 1,15M","RW 06, Tanjung Duren Selatan, Grogol Petamburan, Jakarta Barat, Daerah Khusus Ibukota Jakarta",https://www.lamudi.co.id/properti/41032-73-df878edc7534-74b3-19d42cc-80e6-7770
Apartemen Dijual di Kosambi,Rp 470Jt,"Pantai Indah Kapuk 2, Salembaran, Kosambi, Kabupaten Tangerang, Banten",https://www.lamudi.co.id/properti/41032-73-4fc73461b1ad-2aae-19d6bb6-b996-7918
Apartemen Dijual di Pancoran,Rp 3M,"RW 04, Pancoran, Pancoran, Jakarta Selatan, Daerah Khusus Ibukota Jakarta",https://www.lamudi.co.id/properti/41032-73-ff23f8eb515a-ba04-19e44f2-b472-7055
Apartemen Dijual di Cidadap,Rp 599Jt,"Hegarmanah, Cidadap, Kota Bandung, Jawa Barat",https://www.lamudi.co.id/properti/41032-73-352241ccf6b5-7274-19ea5dc-80d5-7460
Apartemen Dijual di Kebon Melati,"Rp 2,85M","Kebon Melati, Tanah Abang, Jakarta Pusat, Daerah Khusus Ibukota Jakarta",https://www.lamudi.co.id/properti/41032-73-fdaae32def34-7ea6-19eee60-8cda-7617
Apartemen Dijual di Batam Kota,Rp 880Jt,"Lubuk Baja Kota, Lubuk Baja Kota, Lubuk Baja, Batam",https://www.lamudi.co.id/properti/41032-73-7a2e3f73dd8-9812-19eab37-9c3f-772e
Apartemen Dijual di Cisauk,Rp 450Jt,"Sampora, Cisauk, Kabupaten Tangerang, Banten",https://www.lamudi.co.id/jual/banten/tangerang/dijual-studio-corner-hoek-furnished-apartemen-casa-175265704098/
Apartemen Dijual di Bumi Serpong Damai,Rp 725Jt,"BSD City, Sampora, Cisauk, Kabupaten Tangerang, Banten",https://www.lamudi.co.id/jual/banten/tangerang-selatan/apartement-studio-casa-de-parco-2-lantai-view-swim-172733956945/
Apartemen Dijual di Bekasi,Rp 459Jt,"Grand Pondok Ungu, Kab Bekasi, Jawa Barat",https://www.lamudi.co.id/properti/41032-73-ccffff0cf509-4de4-19a1259-b644-790a
Apartemen Dijual di Karet,"Rp 1,27M","RW 10, Karet, Setiabudi, Jakarta Selatan, Daerah Khusus Ibukota Jakarta",https://www.lamudi.co.id/properti/41032-73-7ebd60fa1074-4173-19e72eb-9111-758c
Apartemen Dijual di Mlati,Rp 570Jt,"Sendangadi, Mlati, Sleman, Daerah Istimewa Yogyakarta",https://www.lamudi.co.id/jual/yogyakarta/sleman/apartemen-taman-melati-yogyakarta-171809476438/
Apartemen Dijual di Dukuh Sutorejo,Rp 600Jt,"RW 04, Dukuh Sutorejo, Mulyorejo, Surabaya, Jawa Timur",https://www.lamudi.co.id/properti/41032-73-ecb7ffd4d6bb-a504-19bdbab-828e-7792
Apartemen Dijual di Dukuh Sutorejo,Rp 500Jt,"RW 04, Dukuh Sutorejo, Mulyorejo, Surabaya, Jawa Timur",https://www.lamudi.co.id/properti/41032-73-c7a35331df89-2748-19bdba8-9977-739e
Apartemen Dijual di Gading Serpong,Rp 700Jt,"Ruko Bavaria, Paramount Serpong, Gading Serpong, Kelapa Dua, Kelapa Dua, Kabupaten Tangerang, Banten",https://www.lamudi.co.id/properti/41032-73-bada515e8ea4-1967-19e5ed4-9ebd-7f8c
Apartemen Dijual di Karet Semanggi,"Rp 1,40M","RW 02, Karet Semanggi, Setiabudi, Jakarta Selatan, Daerah Khusus Ibukota Jakarta",https://www.lamudi.co.id/properti/41032-73-94a74fa4f678-9aa7-19f0686-871d-7d47
Apartemen Dijual di Purwosari,"Rp 1,50M","Purwosari, Surakarta, Jawa Tengah",https://www.lamudi.co.id/properti/41032-73-68078a99ceb5-4918-19c17e3-b6ba-7249
Apartemen Dijual di Jatinegara,Rp 750Jt,"Bassura City, Cipinang Besar Selatan, Jatinegara, Jakarta Timur, Daerah Khusus Ibukota Jakarta",https://www.lamudi.co.id/properti/41032-73-f05371750003-bbbb-19ef710-9b0e-7f79
Apartemen Dijual di Tebet,"Rp 2,80M","RW 02, Tebet Timur, Tebet, Jakarta Selatan, Daerah Khusus Ibukota Jakarta",https://www.lamudi.co.id/jual/jakarta/jakarta-selatan/dijual-apartemen-casa-grande-tower-mirage-174719651067/
Apartemen Dijual di Karawaci,"Rp 1,75M","Karawaci Ilir, Karawaci, Karawaci, Tangerang, Banten",https://www.lamudi.co.id/jual/banten/tangerang/paling-murah-apt-hillcrest-house-karawaci-tangeran-175636929840/
Apartemen Dijual di Genteng,Rp 750Jt,"RW 01, Ketabang, Genteng, Surabaya, Jawa Timur",https://www.lamudi.co.id/properti/41032-73-a4721f9eb4cc-9e86-19e690e-9f72-71a3
Apartemen Dijual di Cikarang Selatan,Rp 665Jt,"Meikarta, Cibatu, Kab Bekasi, Jawa Barat",https://www.lamudi.co.id/jual/jawa-barat/bekasi/dijual-cepat-apartemen-orenge-contry-tower-irvine-174797123566/
Apartemen Dijual di Bumi Serpong Damai,Rp 590Jt,"BSD City, Sampora, Cisauk, Kabupaten Tangerang, Banten",https://www.lamudi.co.id/properti/41032-73-ef65fa3e2226-828b-19bcafc-92d8-709b
Apartemen Dijual di Cicendo,Rp 490Jt,"Klaster Gunung Batu 117, Sukaraja, Cicendo, Kota Bandung, Jawa Barat",https://www.lamudi.co.id/jual/jawa-barat/bandung/dijual-apartemen-full-furnished-view-kota-gateaway-174489899515/
Apartemen Dijual di Cengkareng,Rp 510Jt,"RW 02, Duri Kosambi, Cengkareng, Jakarta Barat, Daerah Khusus Ibukota Jakarta",https://www.lamudi.co.id/properti/41032-73-8e26cc33d621-4760-199a2d8-9783-7318
Apartemen Dijual di Karet Tengsin,"Rp 1,15M","RW 09, Karet Tengsin, Tanah Abang, Jakarta Pusat, Daerah Khusus Ibukota Jakarta",https://www.lamudi.co.id/properti/41032-73-7166836bdc6-f6b6-19eaadb-8f60-72e1
Apartemen Dijual di Pesanggrahan,Rp 250Jt,"RW 03, Petukangan Selatan, Pesanggrahan, Jakarta Selatan, Daerah Khusus Ibukota Jakarta",https://www.lamudi.co.id/properti/41032-73-ea28759e3833-32ab-19ef3d1-bf13-70db
Apartemen Dijual di Kosambi,"Rp 470,00Jt","Pantai Indah Kapuk 2, Salembaran, Kosambi, Kabupaten Tangerang, Banten",https://www.lamudi.co.id/properti/41032-73-6cc5e5ee26b8-db01-19d6bb8-b9cf-7464
Apartemen Dijual di Petemon,"Rp 321,62Jt","RW 01, Petemon, Sawahan, Surabaya, Jawa Timur",https://www.lamudi.co.id/properti/41032-73-97d41b7e3edd-fd89-19ad409-8ecb-7266
Apartemen Dijual di Kelapa Indah,Rp 400Jt,"Kota Ayodhya, Kelapa Indah, Tangerang, Tangerang, Banten",https://www.lamudi.co.id/properti/41032-73-886ea5f746d9-17fa-19ed622-ad9f-7a07
Apartemen Dijual di Menteng Dalam,"Rp 1,15M","RW 05, Menteng Dalam, Tebet, Jakarta Selatan, Daerah Khusus Ibukota Jakarta",https://www.lamudi.co.id/properti/41032-73-400cca9267e0-29a1-19b6866-8279-7261
Apartemen Dijual di Bekasi Utara,Rp 410Jt,"Rawa Bugel, Perwira, Bekasi, Jawa Barat",https://www.lamudi.co.id/properti/41032-73-a95458e9fa74-198c-19efe90-87cf-77dd
Apartemen Dijual di Palmerah,"Rp 1,80M","RW 01, Slipi, Palmerah, Jakarta Barat, Daerah Khusus Ibukota Jakarta",https://www.lamudi.co.id/jual/jakarta/jakarta-barat/dijual-apartement-slipi-jakarta-barat-3br-full-fur-174816966797/
Apartemen Dijual di Kebayoran Baru,"Rp 2,50M","RW 01, Senayan, Kebayoran Baru, Jakarta Selatan, Daerah Khusus Ibukota Jakarta",https://www.lamudi.co.id/jual/jakarta/jakarta-selatan/jual-cepat-harga-miring-apt-fourwinds-senayan-1-br-170109608498/
Apartemen Dijual di Bumi Serpong Damai,"Rp 3,50M","BSD City, Sampora, Cisauk, Kabupaten Tangerang, Banten",https://www.lamudi.co.id/properti/41032-73-a45f255c6589-a764-19cda4a-9f00-7f60
Apartemen Dijual di Cikarang Selatan,Rp 550Jt,"Pasirsari, Kab Bekasi, Jawa Barat",https://www.lamudi.co.id/properti/41032-73-aab1437a0d79-4502-19efef0-a532-70f1
Apartemen Dijual di Cikini,Rp 3M,"RW 02, Cikini, Menteng, Jakarta Pusat, Daerah Khusus Ibukota Jakarta",https://www.lamudi.co.id/properti/41032-73-e5d14ef46d33-7229-19df939-ae32-7715
Apartemen Dijual di Kuningan,"Rp 1,50M","RW 10, Menteng Atas, Setiabudi, Jakarta Selatan, Daerah Khusus Ibukota Jakarta",https://www.lamudi.co.id/properti/41032-73-afa045ac5a3-906d-19e8be1-9564-7144
Apartemen Dijual di Cidadap,Rp 499Jt,"Cisitu Dalam, Ciumbuleuit, Cidadap, Kota Bandung, Jawa Barat",https://www.lamudi.co.id/properti/41032-73-2f1ffe0a6c91-919f-19df215-b76c-75a8
Apartemen Dijual di Grogol Petamburan,Rp 615Jt,"RW 04, Tanjung Duren Utara, Grogol Petamburan, Jakarta Barat, Daerah Khusus Ibukota Jakarta",https://www.lamudi.co.id/properti/41032-73-36f6206b5b0c-4ebe-19f134d-a490-7228
Apartemen Dijual di Babakan Madang,Rp 340Jt,"Sentul City, Citaringgul, Babakan Madang, Kab Bogor, Jawa Barat",https://www.lamudi.co.id/properti/41032-73-12d026ff6c07-877b-19f1aeb-8cec-7461
Apartemen Dijual di Summarecon Bekasi,Rp 240Jt,"Summarecon Bekasi, Rawa Bugel, Summarecon, Bekasi, Jawa Barat",https://www.lamudi.co.id/properti/41032-73-494aa7900d2-30c5-19dfc5e-b5d0-76f6
Kondominium Dijual di Kuningan,"Rp 1,35M","RW 02, Kuningan Timur, Setiabudi, Jakarta Selatan, Daerah Khusus Ibukota Jakarta",https://www.lamudi.co.id/jual/jakarta/jakarta-selatan/empyreal-condominium-episentrum-rasuna-1-kt-best-c-175741317110/
Apartemen Dijual di Kamal Muara,"Rp 4,80M","RW 06, Kamal Muara, Penjaringan, Jakarta Utara, Daerah Khusus Ibukota Jakarta",https://www.lamudi.co.id/properti/41032-73-5d12963e1cc5-8cfc-19be50b-9ff3-76d8
Apartemen Dijual di Serpong,Rp 585Jt,"Cadasmampar, Serpong, Serpong, Tangerang Selatan, Banten",https://www.lamudi.co.id/jual/banten/tangerang-selatan/jual-apartemen-silkwood-lantai1-oak-tower-dkt-kamp-172896292425/
Apartemen Dijual di Bojong Nangka,Rp 350Jt,"Podomoro Golf View, Bojong Nangka, Gunung Putri, Kab Bogor, Jawa Barat",https://www.lamudi.co.id/properti/41032-73-12e12c825ca2-e4f3-19ec596-b11b-7c62
Apartemen Dijual di Menteng Dalam,"Rp 1,40M","RW 05, Menteng Dalam, Tebet, Jakarta Selatan, Daerah Khusus Ibukota Jakarta",https://www.lamudi.co.id/properti/41032-73-38612f75b788-6f73-19e6cbe-acac-72a6
Apartemen Dijual di Pademangan,"Rp 2,50M","PPK Kemayoran, Pademangan Timur, Pademangan, Jakarta Utara, Daerah Khusus Ibukota Jakarta",https://www.lamudi.co.id/jual/jakarta/jakarta-utara/dijual-apt-the-royale-springhill-kemayoran-3-2br-l-174713414681/
Apartemen Dijual di Jagakarsa,Rp 590Jt,"RW 01, Lenteng Agung, Jagakarsa, Jakarta Selatan, Daerah Khusus Ibukota Jakarta",https://www.lamudi.co.id/jual/jakarta/jakarta-selatan/di-jual-apartemen-mahata-tanjung-barat-175653549346/
Apartemen Dijual di Embong Kaliasin,Rp 300Jt,"RW 02, Embong Kaliasin, Genteng, Surabaya, Jawa Timur",https://www.lamudi.co.id/jual/jawa-timur/surabaya/baru-gress-apartemen-gunawangsa-tidar-free-furnish-175400723743/
Apartemen Dijual di Jatinegara,Rp 700Jt,"Bassura City, Cipinang Besar Selatan, Jatinegara, Jakarta Timur, Daerah Khusus Ibukota Jakarta",https://www.lamudi.co.id/properti/41032-73-6547f0eb47ed-832a-19dbb24-a087-793f
Kondominium Dijual di Penjaringan,Rp 900Jt,"RW 10, Pluit, Penjaringan, Jakarta Utara, Daerah Khusus Ibukota Jakarta",https://www.lamudi.co.id/properti/41032-73-2c18d8dbbd24-2cbd-19a7df1-a74b-7716
Apartemen Dijual di Cilandak,Rp 2M,"RW 09, Cilandak Barat, Cilandak, Jakarta Selatan, Daerah Khusus Ibukota Jakarta",https://www.lamudi.co.id/properti/41032-73-ec9c80424cce-7b34-1d2ba17a-b3ad-40f9
Apartemen Dijual di Sleman,Rp 750Jt,"Sariharjo, Ngaglik, Sleman, Daerah Istimewa Yogyakarta",https://www.lamudi.co.id/properti/41032-73-a300247a449d-4923-14e205c2-aefd-4864
Apartemen Dijual di Cicendo,Rp 550Jt,"Klaster Gunung Batu 117, Sukaraja, Cicendo, Kota Bandung, Jawa Barat",https://www.lamudi.co.id/properti/41032-73-d8795375fe61-faf0-19cb725-afa4-75d8
Apartemen Dijual di Jatinegara,Rp 400Jt,"Bassura City, Cipinang Besar Selatan, Jatinegara, Jakarta Timur, Daerah Khusus Ibukota Jakarta",https://www.lamudi.co.id/properti/41032-73-61ff9906b023-3e24-19e5ad7-a315-7d2e
Apartemen Dijual di Kebon Jeruk,Rp 325Jt,"RW 01, Kebon Jeruk, Kebon Jeruk, Jakarta Barat, Daerah Khusus Ibukota Jakarta",https://www.lamudi.co.id/jual/jakarta/jakarta-barat/dijual-apartemen-belmont-residence-dekat-rs-tol-ma-174425663093/
Apartemen Dijual di Jatinegara,Rp 640Jt,"Bassura City, Cipinang Besar Selatan, Jatinegara, Jakarta Timur, Daerah Khusus Ibukota Jakarta",https://www.lamudi.co.id/properti/41032-73-ed718190821d-8f19-19e2a12-80ff-7131
Apartemen Dijual di Bekasi,Rp 700Jt,"Pakuwon Mall, Rawa Panjang, Bekasi, Jawa Barat",https://www.lamudi.co.id/properti/41032-73-8fe694a59cc2-c6b3-19d5712-93ac-7423
Apartemen Dijual di Grogol Petamburan,"Rp 3,20M","RW 06, Tanjung Duren Selatan, Grogol Petamburan, Jakarta Barat, Daerah Khusus Ibukota Jakarta",https://www.lamudi.co.id/properti/41032-73-b909c754cacb-c678-19afc45-b5a1-7676
Apartemen Dijual di Penumping,"Rp 1,50M","Penumping, Surakarta, Jawa Tengah",https://www.lamudi.co.id/properti/41032-73-20968e7f207f-4f5e-19cbd2c-a963-73c5
Apartemen Dijual di Cempaka Putih,Rp 340Jt,"RW 09, Rawasari, Cempaka Putih, Jakarta Pusat, Daerah Khusus Ibukota Jakarta",https://www.lamudi.co.id/sewa/jakarta/jakarta-pusat/green-pramuka-arpartment-residence-unit-studio-bag-175784604824/
Apartemen Dijual di Jatinegara,Rp 490Jt,"Bassura City, Cipinang Besar Selatan, Jatinegara, Jakarta Timur, Daerah Khusus Ibukota Jakarta",https://www.lamudi.co.id/properti/41032-73-9ac5a80c5e9f-7d61-19c9dd4-b304-7d19
Apartemen Dijual di Jatinegara,Rp 380Jt,"Bassura City, Cipinang Besar Selatan, Jatinegara, Jakarta Timur, Daerah Khusus Ibukota Jakarta",https://www.lamudi.co.id/properti/41032-73-ab8d6299ca8f-b0c6-19d910e-95cf-78da
Apartemen Dijual di Alam Sutera,Rp 650Jt,"Alam Sutera, Pinang, Tangerang, Banten",https://www.lamudi.co.id/properti/41032-73-6151fd129c4c-7b46-19cfb38-808c-72af
Apartemen Dijual di Jatinegara,Rp 465Jt,"Bassura City, Cipinang Besar Selatan, Jatinegara, Jakarta Timur, Daerah Khusus Ibukota Jakarta",https://www.lamudi.co.id/properti/41032-73-da3c38a66f2e-5d30-19d674a-9233-709c
Apartemen Dijual di Menur Pumpungan,"Rp 313,51Jt","RW 03, Menur Pumpungan, Sukolilo, Surabaya, Jawa Timur",https://www.lamudi.co.id/properti/41032-73-fa0100f7d74a-7c19-19e259d-ab7b-71b7
Apartemen Dijual di Petemon,Rp 200Jt,"RW 04, Petemon, Sawahan, Surabaya, Jawa Timur",https://www.lamudi.co.id/jual/jawa-timur/surabaya/gunawangsa-tidar-great-deals-free-full-furnished-s-175343032839/
Apartemen Dijual di Karet Semanggi,Rp 850Jt,"RW 02, Karet Semanggi, Setiabudi, Jakarta Selatan, Daerah Khusus Ibukota Jakarta",https://www.lamudi.co.id/properti/41032-73-b83f1c85edac-b50d-19b2cd5-ae67-736d
Apartemen Dijual di Panunggangan Utara,Rp 315Jt,"Panunggangan Utara, Pinang, Tangerang, Banten",https://www.lamudi.co.id/jual/banten/tangerang/jual-apartemen-treepark-bsd-tangerang-selatan-bant-175853342277/
Apartemen Dijual di Bendungan Hilir,"Rp 2,75M","RW 01, Bendungan Hilir, Tanah Abang, Jakarta Pusat, Daerah Khusus Ibukota Jakarta",https://www.lamudi.co.id/jual/jakarta/jakarta-pusat/apartment-sudirman-suites-for-sale-jakarta-cbd-2br-174158764269/
Apartemen Dijual di Embong Kaliasin,"Rp 1,35M","RW 01, Embong Kaliasin, Genteng, Surabaya, Jawa Timur",https://www.lamudi.co.id/properti/41032-73-af14dfe5a323-c73f-19e68e9-911c-7987
Apartemen Dijual di Kamal Muara,Rp 380Jt,"RW 06, Kamal Muara, Penjaringan, Jakarta Utara, Daerah Khusus Ibukota Jakarta",https://www.lamudi.co.id/properti/41032-73-1fe1e85cae75-9218-19e8232-9435-71e5
Kondominium Dijual di Penjaringan,"Rp 1,10M","RW 10, Pluit, Penjaringan, Jakarta Utara, Daerah Khusus Ibukota Jakarta",https://www.lamudi.co.id/properti/41032-73-e4a5491d4afe-76c4-19e8248-97d0-73e6
Apartemen Dijual di Kamal Muara,Rp 295Jt,"RW 06, Kamal Muara, Penjaringan, Jakarta Utara, Daerah Khusus Ibukota Jakarta",https://www.lamudi.co.id/properti/41032-73-8ca692105937-542e-19e826f-905e-7535
Kondominium Dijual di Kamal Muara,"Rp 1,10M","RW 06, Kamal Muara, Penjaringan, Jakarta Utara, Daerah Khusus Ibukota Jakarta",https://www.lamudi.co.id/properti/41032-73-d0de4a0d03bd-793b-19e8258-92c0-76a7
Apartemen Dijual di Jembatan Besi,Rp 590Jt,"RW 05, Jembatan Besi, Tambora, Jakarta Barat, Daerah Khusus Ibukota Jakarta",https://www.lamudi.co.id/properti/41032-73-66f8c4685c26-a113-19cd2c9-9b2b-7501
Apartemen Dijual di Cempaka Putih,Rp 465Jt,"RW 09, Rawasari, Cempaka Putih, Jakarta Pusat, Daerah Khusus Ibukota Jakarta",https://www.lamudi.co.id/properti/41032-73-4d1a47ea3123-1ddc-19b0bbc-917d-70e6
Apartemen Dijual di Cempaka Putih,Rp 350Jt,"RW 02, Cempaka Putih Timur, Cempaka Putih, Jakarta Pusat, Daerah Khusus Ibukota Jakarta",https://www.lamudi.co.id/sewa/jakarta/jakarta-pusat/disewakan-apartemen-the-green-pramuka-city-2-kamar-17508340593/
Apartemen Dijual di Bojong Nangka,Rp 480Jt,"Podomoro Golf View, Bojong Nangka, Gunung Putri, Kab Bogor, Jawa Barat",https://www.lamudi.co.id/properti/41032-73-d1ee751c6dd4-da60-19dfbfd-8a47-7bda
Apartemen Dijual di Cempaka Putih,Rp 400Jt,"RW 09, Rawasari, Cempaka Putih, Jakarta Pusat, Daerah Khusus Ibukota Jakarta",https://www.lamudi.co.id/properti/41032-73-23617a7b6114-1193-19ac976-9ebe-7063
Apartemen Dijual di Biringkanaya,Rp 320Jt,"Bumi Permata Sudiang, Patte'ne, Sudiang, Biringkanaya, Makassar, Sulawesi Selatan",https://www.lamudi.co.id/properti/41032-73-2adef0651148-aa98-19ef792-8b73-775a
Apartemen Dijual di Penjaringan,Rp 600Jt,"RW 10, Pluit, Penjaringan, Jakarta Utara, Daerah Khusus Ibukota Jakarta",https://www.lamudi.co.id/properti/41032-73-3e2814c47bb5-f126-19e81da-b84a-72b5
Apartemen Dijual di Pabelan,Rp 345Jt,"Pabelan, Sukoharjo, Jawa Tengah",https://www.lamudi.co.id/properti/41032-73-19d1dce5178f-9f54-19c559b-a1db-71c8
Apartemen Dijual di Kalideres,Rp 450Jt,"RW 04, Pegadungan, Kalideres, Jakarta Barat, Daerah Khusus Ibukota Jakarta",https://www.lamudi.co.id/properti/41032-73-fdd52c8e9b97-792-19e82c6-b5df-7696
Apartemen Dijual di Penjaringan,Rp 380Jt,"RW 10, Pluit, Penjaringan, Jakarta Utara, Daerah Khusus Ibukota Jakarta",https://www.lamudi.co.id/properti/41032-73-ddf49cb2b102-a853-19e822c-a0bd-76b1
Apartemen Dijual di Menteng Dalam,"Rp 1,55M","RW 05, Menteng Dalam, Tebet, Jakarta Selatan, Daerah Khusus Ibukota Jakarta",https://www.lamudi.co.id/properti/41032-73-663722dba854-6f51-19bdc5b-a298-771b
Apartemen Dijual di Penjaringan,Rp 395Jt,"RW 10, Pluit, Penjaringan, Jakarta Utara, Daerah Khusus Ibukota Jakarta",https://www.lamudi.co.id/properti/41032-73-9f27f354ca83-c00d-19e81bb-90cb-7738
Apartemen Dijual di Kamal Muara,Rp 600Jt,"RW 06, Kamal Muara, Penjaringan, Jakarta Utara, Daerah Khusus Ibukota Jakarta",https://www.lamudi.co.id/properti/41032-73-b18488c69944-b411-19e8223-8e4a-77de
Apartemen Dijual di Kamal Muara,Rp 395Jt,"RW 06, Kamal Muara, Penjaringan, Jakarta Utara, Daerah Khusus Ibukota Jakarta",https://www.lamudi.co.id/properti/41032-73-7c1d4bc1428f-7b2c-19e81be-bf1b-7457
Apartemen Dijual di Penjaringan,Rp 295Jt,"RW 10, Pluit, Penjaringan, Jakarta Utara, Daerah Khusus Ibukota Jakarta",https://www.lamudi.co.id/properti/41032-73-fe0e81981b14-102e-19e8263-821a-7417
Apartemen Dijual di Pademangan,"Rp 1,20M","PPK Kemayoran, Pademangan Timur, Pademangan, Jakarta Utara, Daerah Khusus Ibukota Jakarta",https://www.lamudi.co.id/properti/41032-73-2df0cb5aa688-4b9b-19dbdaf-8614-78c8
Apartemen Dijual di Kembangan,Rp 925Jt,"RW 09, Kembangan Selatan, Kembangan, Jakarta Barat, Daerah Khusus Ibukota Jakarta",https://www.lamudi.co.id/properti/41032-73-46bcc8f94c01-6e76-19c2ebc-8fdd-7b5a
Apartemen Dijual di Kelapa Gading,"Rp 1,80M","RW 21, Kelapa Gading Barat, Kelapa Gading, Jakarta Utara, Daerah Khusus Ibukota Jakarta",https://www.lamudi.co.id/properti/41032-73-4723adbc623a-55a8-19c410b-bd70-7a24
Apartemen Dijual di Cempaka Putih,Rp 400Jt,"RW 02, Cempaka Putih Timur, Cempaka Putih, Jakarta Pusat, Daerah Khusus Ibukota Jakarta",https://www.lamudi.co.id/sewa/jakarta/jakarta-pusat/the-green-pramuka-city-apartemen-2-kamar-bulanan-175211222448/
Apartemen Dijual di Cempaka Putih,Rp 280Jt,"RW 02, Cempaka Putih Timur, Cempaka Putih, Jakarta Pusat, Daerah Khusus Ibukota Jakarta",https://www.lamudi.co.id/sewa/jakarta/jakarta-pusat/disewakan-bulanan-apartemen-the-green-pramuka-city-17561064975/
Apartemen Dijual di Kelapa Gading,"Rp 1,95M","RW 21, Kelapa Gading Barat, Kelapa Gading, Jakarta Utara, Daerah Khusus Ibukota Jakarta",https://www.lamudi.co.id/properti/41032-73-e7da2c8326ec-f0bb-19bc051-a867-726d
Apartemen Dijual di Pondok Aren,Rp 3M,"The Orchid, Pondok Pucung, Pondok Aren, Tangerang Selatan, Banten",https://www.lamudi.co.id/properti/41032-73-db53829e3d74-39a1-19f1294-8eb8-7c35
Apartemen Dijual di Kelapa Gading,"Rp 2,20M","RW 13, Kelapa Gading Timur, Kelapa Gading, Jakarta Utara, Daerah Khusus Ibukota Jakarta",https://www.lamudi.co.id/properti/41032-73-5b997187e10d-bf6b-19a9fad-8409-75cc
Apartemen Dijual di Cempaka Putih,Rp 290Jt,"RW 02, Cempaka Putih Timur, Cempaka Putih, Jakarta Pusat, Daerah Khusus Ibukota Jakarta",https://www.lamudi.co.id/properti/41032-73-eaccfe29a6fe-a70c-19a71d5-8a65-705e
Apartemen Dijual di Buahbatu,Rp 210Jt,"Jatisari, Buahbatu, Kota Bandung, Jawa Barat",https://www.lamudi.co.id/properti/41032-73-a4e67dc44233-255b-19f0351-be0a-71f7
Apartemen Dijual di Duren Sawit,Rp 320Jt,"RW 02, Pondok Bambu, Duren Sawit, Jakarta Timur, Daerah Khusus Ibukota Jakarta",https://www.lamudi.co.id/jual/jakarta/jakarta-timur/dijual-cepat-unit-apartemen-casablanca-east-reside-173244890472/
Apartemen Dijual di Summarecon Bekasi,Rp 400Jt,"Summarecon Bekasi, Rawa Bugel, Summarecon, Bekasi, Jawa Barat",https://www.lamudi.co.id/jual/jawa-barat/bekasi/springlake-apartemen-summarecon-bekasi-tower-basel-174962723798/
Apartemen Dijual di Kembangan,"Rp 5,50M","RW 02, Kembangan Selatan, Kembangan, Jakarta Barat, Daerah Khusus Ibukota Jakarta",https://www.lamudi.co.id/properti/41032-73-7eb5a2b45bb9-54db-19d34f4-9e13-7c05
Apartemen Dijual di Cipete Utara,Rp 3M,"RW 10, Cipete Utara, Kebayoran Baru, Jakarta Selatan, Daerah Khusus Ibukota Jakarta",https://www.lamudi.co.id/jual/jakarta/jakarta-selatan/apartemen-kemang-jaya-2br-full-furnished-173373536689/
Apartemen Dijual di Kebon Melati,"Rp 2,35M","RW 08, Kebon Melati, Tanah Abang, Jakarta Pusat, Daerah Khusus Ibukota Jakarta",https://www.lamudi.co.id/properti/41032-73-7d04403a4e52-aae7-19dcd57-ae4b-742d
Kondominium Dijual di Kesawan,"Rp 4,15M","Kesawan, Medan Barat, Kota Medan, Sumatera Utara",https://www.lamudi.co.id/properti/41032-73-f510df484d50-b80e-19ccce8-997f-7f85
Kondominium Dijual di Kesawan,"Rp 5,20M","Kesawan, Medan Barat, Kota Medan, Sumatera Utara",https://www.lamudi.co.id/properti/41032-73-ce5f77d8ddc1-d25a-19c13b2-906c-78cb
Apartemen Dijual di Kebon Kosong,Rp 550Jt,"RW 10, Kebon Kosong, Kemayoran, Jakarta Pusat, Daerah Khusus Ibukota Jakarta",https://www.lamudi.co.id/properti/41032-73-131f737f2579-8049-19d713b-8a30-7841
Apartemen Dijual di Kiaracondong,Rp 189Jt,"Babakan Surabaya, Kiaracondong, Kota Bandung, Jawa Barat",https://www.lamudi.co.id/properti/41032-73-ffd8be31e466-9391-199c8c8-b26f-7465
Apartemen Dijual di Jatinegara,Rp 460Jt,"Bassura City, Cipinang Besar Selatan, Jatinegara, Jakarta Timur, Daerah Khusus Ibukota Jakarta",https://www.lamudi.co.id/properti/41032-73-ba3c9e60278c-90c-19ef462-9fa9-78cf
Apartemen Dijual di Coblong,Rp 590Jt,"Manteos, Dago, Coblong, Kota Bandung, Jawa Barat",https://www.lamudi.co.id/properti/41032-73-c8a045aec7f2-e57-19f1b93-8d2c-79f1
Apartemen Dijual di Jatinegara,Rp 405Jt,"Bassura City, Cipinang Besar Selatan, Jatinegara, Jakarta Timur, Daerah Khusus Ibukota Jakarta",https://www.lamudi.co.id/properti/41032-73-d5b7192276d-2210-19ef876-9a37-7215
Apartemen Dijual di Kebon Kosong,Rp 385Jt,"RW 12, Kebon Kosong, Kemayoran, Jakarta Pusat, Daerah Khusus Ibukota Jakarta",https://www.lamudi.co.id/properti/41032-73-d32f5b2a8b48-9abe-19ec515-9783-7e43
Apartemen Dijual di Pulo Gadung,Rp 525Jt,"RW 02, Pulo Gadung, Pulo Gadung, Jakarta Timur, Daerah Khusus Ibukota Jakarta",https://www.lamudi.co.id/properti/41032-73-55fa2b774c09-84de-19cc7af-8f8d-7755
Apartemen Dijual di Cengkareng,Rp 549Jt,"RW 02, Duri Kosambi, Cengkareng, Jakarta Barat, Daerah Khusus Ibukota Jakarta",https://www.lamudi.co.id/properti/41032-73-ff7ea324da03-d5e0-19e6fa7-9f74-729c
Apartemen Dijual di Genteng,Rp 220Jt,"RW 01, Ketabang, Genteng, Surabaya, Jawa Timur",https://www.lamudi.co.id/properti/41032-73-41ca554257d2-bb67-19eccfb-99eb-7bff
Apartemen Dijual di Kiaracondong,Rp 139Jt,"Babakan Surabaya, Kiaracondong, Kota Bandung, Jawa Barat",https://www.lamudi.co.id/properti/41032-73-44f1057fd789-d4ea-199c8c2-bd56-72ee
Apartemen Dijual di Kelapa Gading,Rp 530Jt,"Kawasan Pergudangan Bulog, Kelapa Gading Barat, Kelapa Gading, Jakarta Utara, Daerah Khusus Ibukota Jakarta",https://www.lamudi.co.id/properti/41032-73-abb8aea9309-a6c2-19add96-a793-70e2
Apartemen Dijual di Cilandak,"Rp 3,35M","RW 01, Lebak Bulus, Cilandak, Jakarta Selatan, Daerah Khusus Ibukota Jakarta",https://www.lamudi.co.id/properti/41032-73-50de5e2fc022-bc9f-19ada15-966c-75d6
Apartemen Dijual di Kebon Kosong,"Rp 2,30M","RW 06, Kebon Kosong, Kemayoran, Jakarta Pusat, Daerah Khusus Ibukota Jakarta",https://www.lamudi.co.id/properti/41032-73-9acf01146b45-a286-19ed523-950a-79b3
Apartemen Dijual di Dukuh Pakis,Rp 775Jt,"RW 08, Pradahkali Kendal, Dukuh Pakis, Surabaya, Jawa Timur",https://www.lamudi.co.id/properti/41032-73-f365476c3f5b-51e6-19ec90d-b8a2-7efc
Apartemen Dijual di Kebon Kosong,"Rp 1,40M","RW 06, Kebon Kosong, Kemayoran, Jakarta Pusat, Daerah Khusus Ibukota Jakarta",https://www.lamudi.co.id/properti/41032-73-5946af396154-af04-19ed51a-b455-7243
Apartemen Dijual di Pabelan,Rp 280Jt,"Pabelan, Sukoharjo, Jawa Tengah",https://www.lamudi.co.id/properti/41032-73-5b0c05249871-61ea-19ade82-98f4-7312
Apartemen Dijual di Beji,Rp 790Jt,"Pondok Cina, Beji, Depok, Jawa Barat",https://www.lamudi.co.id/jual/jawa-barat/depok/disewakan-murah-apartemen-evenciio-baru-dekat-ui-u-175017444797/
Apartemen Dijual di Cengkareng,Rp 450Jt,"RW 02, Duri Kosambi, Cengkareng, Jakarta Barat, Daerah Khusus Ibukota Jakarta",https://www.lamudi.co.id/properti/41032-73-7a47e8fd61d3-f42c-19d8800-b41c-755a
Apartemen Dijual di Genteng,Rp 195Jt,"RW 01, Ketabang, Genteng, Surabaya, Jawa Timur",https://www.lamudi.co.id/properti/41032-73-69b1c6a769f7-19df-19ee81a-bb00-7fd5
Apartemen Dijual di Cempaka Putih,Rp 435Jt,"RW 02, Cempaka Putih Timur, Cempaka Putih, Jakarta Pusat, Daerah Khusus Ibukota Jakarta",https://www.lamudi.co.id/properti/41032-73-ed4f2107788-fe88-19e9dbf-8be2-76a0
